0.90505257746692247
0.27094221604716329
0.99388217193726647
0.90203853518764909
0.52965783259619514
0.54553137044611744
0.65984450061457556
0.64281274283838630
0.71808267224252520
0.00634845034093090
0.27918917038169422
0.21512414399585300
0.95027221974849319
0.34839299723362349
0.08050949842928701
0.05017505316285198
0.76629471046050002
0.34441965542747410
0.71876948132546103
0.80071042748507570
0.17007502438324584
0.48227347410773436
0.96145914220293538
0.63188759189182087
0.98475883333860670
0.69775392954400461
0.95847536253854582
0.14174743255569799
0.09601705756942391
0.46866292799693654
0.06768334315245794
0.16961850211503182
0.03620224401897298
0.27885655206893623
0.74033906808970940
0.13457399622188304
0.16011955621981955
0.73553417324864689
0.28403035826469369
0.96110166267454911
0.74227703237611176
0.42866256102371336
0.41552087026066564
0.09543429384667512
0.68583111880381864
0.95834692318729953
0.39185707873134790
0.59352937159092889
0.17504512937483063
0.42412441446324023
0.16532594808946899
0.77047330519876367
0.52592981566184394
0.06957033946189595
0.44632656766938750
0.44112714021028920
0.69383683591549050
0.70627077137609318
0.77794633881745212
0.35311745467555022
0.38212725599769481
0.00312971079769220
0.72700854607493937
0.01581690843362793
0.46263928542238997
0.72014278906886164
0.07858430125094107
0.76274692418102175
0.46653030956553787
0.49018380155003860
0.48443961746882580
0.54987475669644403
0.23317066671454745
0.80801406951335020
0.36061323515801547
0.68856555972693823
0.41511716827022760
0.47263902675349678
0.95529907174284001
0.43948976033613363
0.42879705070239338
0.84730048026763072
0.41543242375515688
0.15257486279525923
0.61338369156686834
0.95080658428231679
0.36885655947599505
0.42812966713444378
0.81444746118513001
0.57456634752812763
0.00867195947088817
0.59555826320179861
0.34431651971262289
0.33160900628920187
0.91734822973849073
0.65862015543116614
0.28768390663240262
0.78703286694411567
0.90040390397441006
0.73998176961826112
